4794358762
4799573851
4794355222
4794355280
4799573759
4799574619
4793354365
4792634020
4793015843
4794813039
4799577205
4792253478
4799574292
4792632745
4794355284
4792256584
4799577079
4794355257
4799570650
4794813047
4799575894
4792256450
4799576457
4794813130
4794813137
4794813071
4799577235
4794813059
4794358739
4799572776
4794813055
4794355176
4794813108
4793053034
4794355255
4792570844
4793016654
4799576462
4794813104
4799573814
4792253368
4799573428
4794813099
4794358730
4794358743
4794355160
4794358734
4794355256
4794813123
4794358731
4792250399
4794813069
4799576778
4799576597
4792128371
4794813097
4794813079
4792128412
4793017518
4792255771
4794813085
4794355188
4792128428
4792128375
4794358753
4794358740
4794813107
4793016827
4794813111
4794813053
4792128425
4794355223
4794355171
4794358752
4794813106
4799577113
4794813092
4798416518
4794355174
4794355173
4792257109
4793017696
4794813051
4794813105
4792631861
4799576593
4794358750
4795798369
4796406552
4799576592
4794355195
4792128503
4794813135
4794813064
4793016709
4794813120
4794355264
4799576459
4793016908
4794358758
4799577097
4794355221
4792633487
4793015474
4799573681
4794813072
4794813061
4792128439
4794813049
4799573603
4792258040
4792124183
4792128238
4792128302
4792128379
4792128385
4792128417
4792128423
4792128470
4792128471
4792128502
4792128537
4792250362
4792251924
4792252591
4792253214
4792253633
4792253720
4792253737
4792254768
4792254852
4792255473
4792255574
4792255749
4792255997
4792256109
4792256475
4792256592
4792631865
4792632609
4792632711
4792632768
4792632951
4792878306
4793015467
4793015958
4793016531
4793017094
4793017148
4793017279
4793017462
4794038262
4794353938
4794354048
4794354049
4794354050
4794355168
4794355169
4794355170
4794355175
4794355178
4794355179
4794355189
4794355190
4794355191
4794355193
4794355194
4794355196
4794355220
4794355224
4794355247
4794355252
4794355253
4794355258
4794355259
4794355266
4794355269
4794355270
4794355271
4794355275
4794355277
4794355278
4794355279
4794355281
4794355283
4794355285
4794355286
4794355293
4794358729
4794358733
4794358735
4794358736
4794358741
4794358742
4794358747
4794358748
4794358749
4794358751
4794358754
4794358759
4794358761
4794813038
4794813040
4794813041
4794813042
4794813043
4794813044
4794813046
4794813052
4794813056
4794813057
4794813058
4794813062
4794813063
4794813065
4794813066
4794813067
4794813070
4794813073
4794813074
4794813075
4794813076
4794813077
4794813078
4794813080
4794813081
4794813082
4794813083
4794813084
4794813086
4794813087
4794813088
4794813089
4794813093
4794813094
4794813095
4794813096
4794813098
4794813100
4794813101
4794813102
4794813103
4794813109
4794813110
4794813112
4794813113
4794813114
4794813115
4794813116
4794813117
4794813118
4794813119
4794813121
4794813122
4794813124
4794813125
4794813126
4794813127
4794813128
4794813129
4794813131
4794813132
4794813133
4794813134
4794813136
4794813138
4795798365
4799571396
4799572956
4799573277
4799573306
4799573472
4799573593
4799574223
4799574769
4799574814
4799574826
4799575301
4799575342
4799575394
4799575633
4799575771
4799575815
4799575817
4799576114
4799576133
4799576178
4799576337
4799576463
4799576526
4799576546
4799576632
4799576642
4799576716
4799576727
4799576731
4799576752
4799576828
4799576830
4799577301
4794358763
4794813054
4792128465
4794038768
4794038762
4794038765
4794038767
4794038763
4794038761
4794032164
4794031324
4794032778
4793016412
4794038769
4794038772
4794038766
4794038771
4794032829
4793648951
4793648952
4794031066
4794030674
4793648950
4793016813
4793648949
4793648947
4794030675
4794030673
4794031188
4792128393
4793052891
4792128404
4793015741
4794813091
