270676628355    
270981393624    
270935854974    
270981520896    
271028629305    
271028744764    
271067102471    
271067266453    
271139306567    
271139618937    
270676743818    
270771197904    
271028835280    
271067355996    
271067438210    
271139877769    
271140240520    
271140472050    
271140699305    
271140932472    
271141273984    
271202273762    
270676840259    
270771284219    
270981615000    
271295756473    
271295659399    
270676944121    
270771366278    
270879609940    
270981704200    
271295038512    
270677044351    
270771454005    
271295333346    
270677148110    
270771537884    
271028937654    
271294846983    
270677251153    
270771632040    
270879751832    
271029214889    
270936051373    
270936279750    
270981786656    
271067523253    
271067611208    
271067694855    
271141478444    
271141691951    
271202521307    
271141915421    
270677396493    
270771723622    
270879885487    
270936393390    
270936491757    
270936596453    
270981877908    
270981986905    
271067766310    
270677497827    
270771860034    
271029365850    
271295240080    
271294753721    
270677615925    
270807399675    
270880014556    
271029475051    
271295556397    
270720771380    
270807490979    
270880148590    
270982104704    
271029579082    
271029681615    
271029774292    
271067871665    
271067970569    
271142121811    
5089435164
270880305836    
270677734901    
270808986200    
270880450290    
270982204957    
271029871300    
271294530060    
270677873636    
270807695211    
271294933232    
271525372610    
271534761620    
271530591908    
270678012319    
270772047513    
270936673948    
271029949025    
270720880171    
270772142731    
270880574588    
270982327056    
271030032842    
270724085924    
270772238797    
271201957060    
271142355090    
271142617570    
271142881643    
271202979884    
271203152963    
271147395512    
271203379130    
271203599675    
270720966376    
270807783872    
270880746274    
270936779206    
270982423568    
270982518804    
271068428330    
270721104935    
270807890156    
270721194083    
270807990630    
270721317220    
270772359240    
270880886432    
270936868576    
270982607660    
270721401280    
270808091753    
270724214787    
270808185831    
271295436040    
270721510265    
270808276987    
270936943910    
270982701973    
270721610349    
270808363111    
270982786034    
271068602574    
271068688797    
271143117149    
270724325710    
270808446063    
271143390294    
270724423960    
270808544020    
270721706794    
270808626148    
270982874662    
270721798269    
270808707785    
271068782232    
271203860743    
270721900964    
270881035572    
270722009816    
270937039530    
271030146290    
270982999419    
270808800132    
271030266114    
270937139463    
270983103050    
271068883014    
271068976195    
271143578851    
270722123823    
270881187220    
271069059150    
271069135330    
270722237410    
270881331564    
270722334837    
270881493750    
270937253231    
270722428227    
270808884694    
271069214264    
270935958550    
